1.0000   0.00000000
0.9961   0.00271777
0.9843   0.00516427
0.9649   0.00912298
0.9382   0.01442850
0.9045   0.02087148
0.8645   0.02821416
0.8187   0.03620288
0.7679   0.04457510
0.7129   0.05306029
0.6545   0.06137611
0.5937   0.06922304
0.5314   0.07628151
0.4686   0.08221528
0.4063   0.08668360
0.3455   0.08936208
0.2871   0.08997006
0.2321   0.08829963
0.1813   0.08424034
0.1355   0.07779379
0.0955   0.06907340
0.0618   0.05828782
0.0351   0.04570931
0.0157   0.03163186
0.0039   0.01632626
0.0000   0.00000000
0.0039  -0.01632626
0.0157  -0.03163186
0.0351  -0.04570931
0.0618  -0.05828782
0.0955  -0.06907340
0.1355  -0.07779379
0.1813  -0.08424034
0.2321  -0.08829963
0.2871  -0.08997006
0.3455  -0.08936208
0.4063  -0.08668360
0.4686  -0.08221528
0.5314  -0.07628151
0.5937  -0.06922304
0.6545  -0.06137611
0.7129  -0.05306029
0.7679  -0.04457510
0.8187  -0.03620288
0.8645  -0.02821416
0.9045  -0.02087148
0.9382  -0.01442850
0.9649  -0.00912298
0.9843  -0.00516427
0.9961  -0.00271777
1.0000   0.00000000
